    unsorted:	 0.0007828658558 7.947448549e-06 0.02556582815 0.08970899357 1.109839717 11.84735070 675.1350477 681.2918306 648.7221850 541.2611966 556.4938801 205.1766843 175.2622829 152.6306433 130.0942812 236.3743169 407.9870619 799.1439929 1013.377098 1346.703881 1863.197578 2077.504571 1933.690992 2120.750536 2197.797829 1783.185220 2237.475795 1628.563820 2367.125478 2452.337718 2503.636801 2732.066124 2880.229548 3042.863185 3230.861187 3341.388050 3892.356924 4103.971285 5043.988363 6714.029907 7656.677075 8098.066001 8593.767970 9457.562191 9967.976639 10589.46727 10715.39300 12213.16604 13620.12118 16360.95973 18475.48885 19907.37561 25613.40722 28375.54557 32754.85572 35121.45129 40293.64444 45844.07427 53619.64127 132810.1809 147977.8070 245629.5942
      sorted:	 7.947448549e-06 0.0007828658558 0.02556582815 0.08970899357 1.109839717 11.84735070 130.0942812 152.6306433 175.2622829 205.1766843 236.3743169 407.9870619 541.2611966 556.4938801 648.7221850 675.1350477 681.2918306 799.1439929 1013.377098 1346.703881 1628.563820 1783.185220 1863.197578 1933.690992 2077.504571 2120.750536 2197.797829 2237.475795 2367.125478 2452.337718 2503.636801 2732.066124 2880.229548 3042.863185 3230.861187 3341.388050 3892.356924 4103.971285 5043.988363 6714.029907 7656.677075 8098.066001 8593.767970 9457.562191 9967.976639 10589.46727 10715.39300 12213.16604 13620.12118 16360.95973 18475.48885 19907.37561 25613.40722 28375.54557 32754.85572 35121.45129 40293.64444 45844.07427 53619.64127 132810.1809 147977.8070 245629.5942
