    unsorted:	 7.861575459 3.712252317 12.71653033 16.71216200 42.42319798 71.91759062 83.86684166 141.1588477 180.4550070 237.1951072 287.1945361 536.8020897 527.6205887 594.7602800 604.9965056 652.4746478 874.0763053 925.3784374 1042.239640 1212.834401 1353.837573 1403.968137 1789.251265 1821.747934 2071.549764 2004.457147 2152.761477 2305.150515 2348.533928 2464.746629 2662.110335 2813.871215 2900.080570 3102.056551 3223.389712 3586.815488 3658.861567 4072.352427 4144.888065 4462.367446 5487.545516 6578.121721 7010.818696 7585.858765 7705.324731 8471.355324 8872.490237 9338.117355 10396.60333 10838.92852 11158.78793 15620.40424 17142.12593 23571.02962 25490.88277 33302.27326 39528.38043 44510.78518 245829.5800
      sorted:	 3.712252317 7.861575459 12.71653033 16.71216200 42.42319798 71.91759062 83.86684166 141.1588477 180.4550070 237.1951072 287.1945361 527.6205887 536.8020897 594.7602800 604.9965056 652.4746478 874.0763053 925.3784374 1042.239640 1212.834401 1353.837573 1403.968137 1789.251265 1821.747934 2004.457147 2071.549764 2152.761477 2305.150515 2348.533928 2464.746629 2662.110335 2813.871215 2900.080570 3102.056551 3223.389712 3586.815488 3658.861567 4072.352427 4144.888065 4462.367446 5487.545516 6578.121721 7010.818696 7585.858765 7705.324731 8471.355324 8872.490237 9338.117355 10396.60333 10838.92852 11158.78793 15620.40424 17142.12593 23571.02962 25490.88277 33302.27326 39528.38043 44510.78518 245829.5800
