    unsorted:	 7.851720667 12.71841751 4.445151872 16.30317836 42.31894804 72.57154116 81.78549500 155.9037028 182.0768096 242.6796437 306.0978763 537.2673292 532.5544068 599.1769626 613.6753750 651.3607045 930.7381763 854.5156227 1046.436914 1138.284789 1241.754572 1361.791514 1513.560336 1798.469106 2097.795364 2155.853278 2037.079054 2282.666151 2386.264431 2487.147560 2637.680050 2858.407084 2886.561463 3161.030692 3300.420983 3605.074022 3667.582897 4099.876925 4164.446196 4502.737659 5515.563282 6581.518171 6931.097329 7557.270406 7679.386380 8480.114161 8857.762883 9340.450998 10807.31165 11039.66496 13413.44136 15660.73125 17293.75468 23310.14620 25288.01664 33068.49867 37478.36306 43295.99556 245795.6173
      sorted:	 4.445151872 7.851720667 12.71841751 16.30317836 42.31894804 72.57154116 81.78549500 155.9037028 182.0768096 242.6796437 306.0978763 532.5544068 537.2673292 599.1769626 613.6753750 651.3607045 854.5156227 930.7381763 1046.436914 1138.284789 1241.754572 1361.791514 1513.560336 1798.469106 2037.079054 2097.795364 2155.853278 2282.666151 2386.264431 2487.147560 2637.680050 2858.407084 2886.561463 3161.030692 3300.420983 3605.074022 3667.582897 4099.876925 4164.446196 4502.737659 5515.563282 6581.518171 6931.097329 7557.270406 7679.386380 8480.114161 8857.762883 9340.450998 10807.31165 11039.66496 13413.44136 15660.73125 17293.75468 23310.14620 25288.01664 33068.49867 37478.36306 43295.99556 245795.6173
