    unsorted:	 9.904759656 9.475377434 3.906438481 18.42772982 40.91052765 82.19973770 91.43971895 135.3913029 167.0816030 237.9014240 297.5288620 621.7991225 618.0419716 592.7405414 652.8205436 538.3663069 531.3906064 887.9642922 953.9523468 1156.878029 1225.476016 1316.363323 1614.449578 2072.974455 2082.986720 2008.219427 1912.585301 2222.137799 2284.658454 2481.122862 2681.868611 2758.763152 2863.666537 3121.973302 3444.283649 3703.974731 3827.866524 4029.795539 4302.921045 4573.357257 5276.649566 6320.354932 6829.967408 7020.308481 7165.485133 7805.465698 8368.863100 8937.946288 9981.576565 10608.51776 12779.16610 16232.84092 17615.02418 23858.67727 25730.46290 32720.21466 36651.88894 42428.41687 245815.3202
      sorted:	 3.906438481 9.475377434 9.904759656 18.42772982 40.91052765 82.19973770 91.43971895 135.3913029 167.0816030 237.9014240 297.5288620 531.3906064 538.3663069 592.7405414 618.0419716 621.7991225 652.8205436 887.9642922 953.9523468 1156.878029 1225.476016 1316.363323 1614.449578 1912.585301 2008.219427 2072.974455 2082.986720 2222.137799 2284.658454 2481.122862 2681.868611 2758.763152 2863.666537 3121.973302 3444.283649 3703.974731 3827.866524 4029.795539 4302.921045 4573.357257 5276.649566 6320.354932 6829.967408 7020.308481 7165.485133 7805.465698 8368.863100 8937.946288 9981.576565 10608.51776 12779.16610 16232.84092 17615.02418 23858.67727 25730.46290 32720.21466 36651.88894 42428.41687 245815.3202
