    unsorted:	 6.289853760e-07 5.842978745e-07 3.196476162e-07 6.549977773e-06 675.1842393 681.3257132 648.8394222 1.456855781 541.5431190 555.4649077 808.0687553 405.4170755 225.7649284 191.7325950 175.5685346 153.1682994 128.3639145 11.00747179 974.4277454 1107.904942 1358.879816 1935.277787 1868.035730 2043.223536 2135.786219 2196.217701 2272.370803 2293.169386 1687.819370 2515.322101 2575.843999 2897.031659 3012.078602 3063.903976 3300.271573 3410.614412 3934.218151 4170.982531 5059.659545 6736.051503 7631.508604 8201.204105 8575.739474 9511.742916 10030.70070 10904.37090 11457.99983 13685.63918 15841.73322 19680.22862 21381.72895 24775.72088 26056.54709 27980.61946 34171.06689 35192.29966 43204.89937 131613.0657 147492.2912 258503.6721
      sorted:	 3.196476162e-07 5.842978745e-07 6.289853760e-07 6.549977773e-06 1.456855781 11.00747179 128.3639145 153.1682994 175.5685346 191.7325950 225.7649284 405.4170755 541.5431190 555.4649077 648.8394222 675.1842393 681.3257132 808.0687553 974.4277454 1107.904942 1358.879816 1687.819370 1868.035730 1935.277787 2043.223536 2135.786219 2196.217701 2272.370803 2293.169386 2515.322101 2575.843999 2897.031659 3012.078602 3063.903976 3300.271573 3410.614412 3934.218151 4170.982531 5059.659545 6736.051503 7631.508604 8201.204105 8575.739474 9511.742916 10030.70070 10904.37090 11457.99983 13685.63918 15841.73322 19680.22862 21381.72895 24775.72088 26056.54709 27980.61946 34171.06689 35192.29966 43204.89937 131613.0657 147492.2912 258503.6721
