    unsorted:	 10.30503286 12.72893460 16.21439447 2.543944369 42.74442658 75.10353657 83.70658181 141.5109632 175.6362893 226.3256076 294.4108385 535.2354879 506.3602156 607.2193035 627.4440841 651.8234782 855.5862690 927.2890649 1045.660050 1251.593571 1354.379971 1391.559474 1814.284080 2123.723809 2161.333799 2037.961148 2298.649922 2419.824975 2519.323370 2571.467276 2863.542864 2932.992819 3134.913850 3374.981446 3673.144339 3694.815422 4142.302234 4300.236708 4556.414927 5448.281130 6736.538774 7042.558563 7500.513047 7780.443365 8549.619903 8811.369449 9387.269286 10891.77411 10971.33816 15542.76450 16402.44625 22837.91225 25285.05449 31983.72546 34895.25622 42415.18347 258718.6872
      sorted:	 2.543944369 10.30503286 12.72893460 16.21439447 42.74442658 75.10353657 83.70658181 141.5109632 175.6362893 226.3256076 294.4108385 506.3602156 535.2354879 607.2193035 627.4440841 651.8234782 855.5862690 927.2890649 1045.660050 1251.593571 1354.379971 1391.559474 1814.284080 2037.961148 2123.723809 2161.333799 2298.649922 2419.824975 2519.323370 2571.467276 2863.542864 2932.992819 3134.913850 3374.981446 3673.144339 3694.815422 4142.302234 4300.236708 4556.414927 5448.281130 6736.538774 7042.558563 7500.513047 7780.443365 8549.619903 8811.369449 9387.269286 10891.77411 10971.33816 15542.76450 16402.44625 22837.91225 25285.05449 31983.72546 34895.25622 42415.18347 258718.6872
